image: frontier_trial4.pgm
resolution: 0.05000000074505806
origin: [-5.20580308640959, -5.886930043739897, 0.0]
negate: 0
occupied_thresh: 0.65
free_thresh: 0.196
