image: frontier_trial9.pgm
resolution: 0.05000000074505806
origin: [-4.8846858490453515, -5.886617367470809, 0.0]
negate: 0
occupied_thresh: 0.65
free_thresh: 0.196
