image: frontier_trial3.pgm
resolution: 0.05000000074505806
origin: [-5.190602164888195, -5.8872871004158105, 0.0]
negate: 0
occupied_thresh: 0.65
free_thresh: 0.196
