image: frontier_trial8.pgm
resolution: 0.05000000074505806
origin: [-4.875951197611037, -5.874907793490042, 0.0]
negate: 0
occupied_thresh: 0.65
free_thresh: 0.196
