image: frontier_trial10.pgm
resolution: 0.05000000074505806
origin: [-4.9056917060403755, -5.9223603717645705, 0.0]
negate: 0
occupied_thresh: 0.65
free_thresh: 0.196
