image: frontier_trial2.pgm
resolution: 0.05000000074505806
origin: [-4.889561978703972, -5.9492088855447705, 0.0]
negate: 0
occupied_thresh: 0.65
free_thresh: 0.196
