image: potfield_trial10.pgm
resolution: 0.05000000074505806
origin: [-4.8923727810502795, -5.890216002661456, 0.0]
negate: 0
occupied_thresh: 0.65
free_thresh: 0.196
