image: potfield_trial4.pgm
resolution: 0.05000000074505806
origin: [-4.883887082707711, -5.885905196898523, 0.0]
negate: 0
occupied_thresh: 0.65
free_thresh: 0.196
