image: potfield_trial1.pgm
resolution: 0.05000000074505806
origin: [-4.889140057429087, -5.899849252375877, 0.0]
negate: 0
occupied_thresh: 0.65
free_thresh: 0.196
