image: potfield_trial7.pgm
resolution: 0.05000000074505806
origin: [-4.911529953619965, -5.926952922800342, 0.0]
negate: 0
occupied_thresh: 0.65
free_thresh: 0.196
