image: potfield_trial6.pgm
resolution: 0.05000000074505806
origin: [-4.898221679948184, -5.882323225662745, 0.0]
negate: 0
occupied_thresh: 0.65
free_thresh: 0.196
