image: reactive_trial2.pgm
resolution: 0.05000000074505806
origin: [-4.887025950505242, -5.891930268600553, 0.0]
negate: 0
occupied_thresh: 0.65
free_thresh: 0.196
