image: reactive_trial7.pgm
resolution: 0.05000000074505806
origin: [-4.900134852659598, -5.884122633668801, 0.0]
negate: 0
occupied_thresh: 0.65
free_thresh: 0.196
