image: reactive_trial4.pgm
resolution: 0.05000000074505806
origin: [-4.898059488879804, -6.174556377617367, 0.0]
negate: 0
occupied_thresh: 0.65
free_thresh: 0.196
