image: reactive_trial5.pgm
resolution: 0.05000000074505806
origin: [-4.898491646104498, -5.889969522287595, 0.0]
negate: 0
occupied_thresh: 0.65
free_thresh: 0.196
