image: reactive_trial9.pgm
resolution: 0.05000000074505806
origin: [-4.905946011542097, -5.920367106125017, 0.0]
negate: 0
occupied_thresh: 0.65
free_thresh: 0.196
