image: reactive_trial3.pgm
resolution: 0.05000000074505806
origin: [-4.907610403851747, -6.181507565556075, 0.0]
negate: 0
occupied_thresh: 0.65
free_thresh: 0.196
