image: reactive_trial10.pgm
resolution: 0.05000000074505806
origin: [-4.888842024977738, -5.888489889246841, 0.0]
negate: 0
occupied_thresh: 0.65
free_thresh: 0.196
