image: reactive_trial6.pgm
resolution: 0.05000000074505806
origin: [-4.884614862812169, -5.8885168663790415, 0.0]
negate: 0
occupied_thresh: 0.65
free_thresh: 0.196
