image: reactive_trial1.pgm
resolution: 0.05000000074505806
origin: [-5.181946581422375, -5.889890356269623, 0.0]
negate: 0
occupied_thresh: 0.65
free_thresh: 0.196
