image: rl_trial2.pgm
resolution: 0.05000000074505806
origin: [-4.905778763876356, -5.929868655944911, 0.0]
negate: 0
occupied_thresh: 0.65
free_thresh: 0.196
