image: rl_trial3.pgm
resolution: 0.05000000074505806
origin: [-4.893075645172126, -5.895824301414782, 0.0]
negate: 0
occupied_thresh: 0.65
free_thresh: 0.196
