image: rl_trial8.pgm
resolution: 0.05000000074505806
origin: [-4.888046921174539, -5.928905752821734, 0.0]
negate: 0
occupied_thresh: 0.65
free_thresh: 0.196
