image: rl_trial6.pgm
resolution: 0.05000000074505806
origin: [-4.891900817910249, -6.180319037974326, 0.0]
negate: 0
occupied_thresh: 0.65
free_thresh: 0.196
