image: rl_trial5.pgm
resolution: 0.05000000074505806
origin: [-4.899858947614151, -6.177573306885264, 0.0]
negate: 0
occupied_thresh: 0.65
free_thresh: 0.196
