image: rl_trial4.pgm
resolution: 0.05000000074505806
origin: [-4.902529742402537, -5.891704488662295, 0.0]
negate: 0
occupied_thresh: 0.65
free_thresh: 0.196
